8939.0,8511.0,11762.0,19194.0,12369.0,10667.0,15488.0,19554.0,13759.0,17855.0,8389.0,15382.0,12733.0,13138.5,13544.0,8582.0,15733.0,13588.0,13723.0,7948.0,
17361.0,12034.0,17892.0,7380.0,11218.0,9053.0,7556.0,12753.0,11151.0,7161.0,6256.0,19813.0,14940.0,6689.0,6384.0,8196.0,9827.0,11770.0,9251.0,15777.0,7429.0,15503.0,18788.0,
17637.0,13710.0,19453.0,6124.0,7619.0,11308.0,8634.0,16904.0,18276.0,14694.0,11098.0,7502.0,11088.0,12616.0,18714.0,7825.0,8065.0,
7262.0,8406.0,16025.0,9469.0,16746.0,18250.0,14765.0,10557.0,15548.0,11077.5,6607.0,8983.0,11724.0,9283.0,18817.0,12671.0,9334.0,14158.0,8749.5,15541.0,12444.5,9348.0,16350.0,10755.0,19467.0,18147.0,13025.0,12418.0,7707.0,16381.0,13441.0,19457.0,7620.0,7395.0,8193.0,7911.0,9859.0,14892.0,8127.0,15078.0,9078.0,7747.0,12536.0,12569.0,12602.0,15018.5,17435.0,8817.0,8492.0,9311.0,13829.0,7684.5,14796.0,
9360.0,17403.0,6515.0,14534.0,11738.0,18762.0,7622.0,19170.0,7749.0,11677.0,19058.0,8077.0,7026.0,8836.0,12732.0,19693.0,19118.5,18544.0,12443.0,18828.0,
15129.0,9424.0,13294.0,13434.0,9044.0,6224.0,11564.0,15690.0,19239.0,19422.0,15214.0,13201.5,11189.0,17617.0,17583.0,7171.0,12437.0,12496.0,14447.0,13186.5,11926.0,16919.0,7972.0,15511.0,16898.0,8412.0,14085.0,7220.0,9483.0,15291.0,19487.0,13055.0,13057.0,17306.0,18602.0,14080.0,9918.0,18594.0,9651.0,19602.0,11031.0,7570.0,18137.0,19925.0,7880.0,7003.0,13364.0,14015.0,10723.0,11127.0,8172.0,18031.0,16391.0,18496.0,
10878.0,8050.0,14553.0,15024.0,7414.0,9244.0,12370.0,9667.0,17169.0,12610.0,8051.0,6112.5,11387.0,12249.0,14994.0,17739.0,16535.0,6846.0,12295.0,15233.0,8610.0,13418.0,
18055.0,11994.0,18364.0,16870.0,19045.0,13431.0,7209.0,8298.0,10720.0,13906.0,10954.0,19358.0,13776.0,18529.0,14671.0,10813.0,9897.0,12989.0,14051.0,12064.0,12698.0,18670.0,7334.0,11506.0,15657.0,8378.0,12338.0,13173.0,11101.0,14901.0,18872.0,10296.0,13499.0,16702.0,12523.0,7693.0,15381.0,15014.0,7516.5,19733.0,15683.0,11597.0,14986.0,8722.0,6465.0,6751.0,
10288.0,14866.0,19698.0,12153.0,7878.0,19798.0,15634.0,14059.0,6890.0,16398.0,16953.0,15129.0,12726.0,14287.0,6095.5,6606.0,8015.0,19867.0,17409.0,19501.0,10265.0,9455.0,8645.0,10603.0,19961.0,16216.0,17348.0,18480.0,6642.0,13445.0,7977.0,8138.0,8930.0,19801.0,6997.0,10611.0,18331.0,9939.0,15049.0,
9447.0,8051.0,18282.0,9369.0,17673.0,16311.0,8246.0,14417.0,16665.0,9527.0,19682.0,14565.0,10242.0,12771.0,12620.0,7026.0,14402.0,10951.0,13218.0,12235.0,14669.0,14488.0,8419.0,7662.0,7979.0,
10153.0,18719.0,11706.0,8127.0,8668.0,8040.0,12554.0,12965.0,6099.0,7032.0,13786.0,8860.0,8498.0,17625.0,10022.0,13372.0,10729.0,12144.0,15241.0,11167.0,17427.0,12179.0,6931.0,19261.0,12326.0,6597.0,10302.0,8858.0,10264.0,13598.0,11368.0,16437.0,13807.0,6280.0,14296.0,19214.0,13208.0,7031.0,14786.0,7517.5,8296.0,10416.0,9804.0,14240.0,9098.0,8280.0,11020.0,
15601.0,10193.0,10516.0,7676.0,18636.0,11997.0,13416.0,16579.0,16827.0,17867.0,6651.0,10724.0,18946.0,18997.5,19049.0,11502.0,10121.0,15003.0,6379.0,9149.0,18879.0,6408.0,
16169.0,10139.0,10665.0,8754.0,7658.0,8151.0,6585.5,9809.0,10548.0,8643.0,13039.0,16787.0,14714.0,14988.0,17013.0,15547.0,17303.0,19059.0,7403.0,7133.0,
7009.0,9865.0,16110.0,7455.0,11812.0,6126.0,14823.0,15165.0,9479.0,11016.0,12553.0,9383.0,7120.0,7343.0,7566.0,14804.0,9725.0,6962.0,14253.0,
9618.0,13777.0,16556.0,6820.0,17269.0,15931.0,10884.0,14785.0,17637.0,17534.0,9002.0,17494.0,18267.0,18336.0,16597.0,16324.0,19649.0,8316.0,15089.0,18343.0,16744.0,8795.0,19496.0,17600.0,19718.0,13751.0,6173.0,6723.0,17510.0,6827.0,14610.0,12640.0,12186.0,6688.5,6571.0,15351.0,16760.0,12366.0,9355.5,6345.0,15521.0,19511.0,10970.0,14295.0,18759.0,19601.0,
8622.0,9699.0,18308.0,6756.0,8838.0,13707.0,10710.0,13367.0,19006.0,18635.0,10741.0,9872.0,11886.0,13554.0,18124.0,6589.0,6664.0,14529.0,7621.0,8420.0,7504.0,
17068.0,13555.0,11791.0,17905.0,13860.0,9479.0,17591.0,16183.0,10735.0,16622.0,8480.0,9948.0,16938.0,13159.5,9381.0,18799.0,10594.0,7088.0,9382.0,10334.0,
15988.0,15232.0,14789.0,8063.0,14685.0,12754.0,17586.0,12270.0,6621.5,6590.0,19223.0,11822.0,
12273.0,11289.0,12524.0,17953.0,19110.0,11340.0,11096.0,15324.0,10075.0,9055.0,12270.5,15486.0,16818.0,12828.0,15346.0,18782.0,9416.0,15871.0,16549.0,8032.0,17586.0,9150.0,14727.0,11735.0,10301.5,8868.0,8338.0,9286.0,10234.0,13017.0,11618.0,14367.0,10878.0,6125.0,12437.0,17886.0,18753.0,16802.0,17207.0,12827.0,12425.0,9474.0,10615.0,14538.0,14401.0,14264.0,8245.0,7255.0,13260.0,19265.0,8915.0,8268.0,19912.0,13935.0,18288.0,8990.0,12596.0,17948.0,
18009.0,6886.0,12496.0,11727.0,18947.0,16836.0,12042.0,11089.0,18404.0,6817.0,11674.0,6608.0,18307.0,10855.0,18444.0,10621.0,6968.0,15383.0,16309.0,12205.5,8102.0,9283.0,7669.0,16308.0,10519.0,7162.0,6495.0,11188.0,11430.0,14489.0,17548.0,15136.0,15371.0,14593.0,11840.0,19536.0,16502.0,15078.0,18681.0,18687.0,13959.0,6392.0,18872.0,14490.0,15701.0,18810.0,
15337.0,12485.0,14565.0,19000.0,11446.0,14251.0,7981.0,13430.0,14129.0,13195.0,6202.0,11640.0,9353.0,8117.0,8361.0,10969.0,19447.0,11854.0,17870.0,13841.0,10609.0,12405.0,14201.0,19115.0,13679.0,19911.0,12493.0,10866.5,16177.0,9839.0,17624.0,7055.0,11010.0,9561.0,10062.0,16383.0,15012.0,15685.0,11637.0,18393.0,10055.0,18019.0,6164.0,8648.0,11378.0,19960.0,12584.0,12493.0,
18477.0,15853.0,16060.0,16291.0,15499.0,6158.0,11179.0,17058.0,16392.0,19706.0,10474.0,6279.0,6908.0,17161.0,19182.0,14091.0,13913.0,12374.0,13260.0,6616.0,14341.0,16906.0,19471.0,11641.0,6135.0,15561.0,17990.0,19149.0,7591.0,8931.0,17500.0,6615.0,6203.0,
6830.0,18493.0,16263.0,19387.0,10454.0,16115.0,18314.0,12581.0,14399.0,9197.0,13652.0,10740.0,7465.0,14671.0,18580.0,
8423.0,10364.0,15346.0,11613.0,10749.0,14483.0,12464.0,9105.0,6404.0,16741.0,14122.0,19190.0,19246.0,12411.0,12695.0,8222.0,10601.0,13688.0,13287.0,16988.0,10421.0,16648.0,10417.0,10393.0,6153.0,12738.0,10248.0,16744.0,
9957.0,14077.0,17295.0,19293.0,19510.0,12497.0,15485.0,14978.0,9750.0,18416.0,11913.0,10909.0,17449.0,13998.0,10026.0,7570.5,16443.0,19879.0,9665.0,9081.0,13932.0,
18577.0,13659.0,14118.0,7305.0,14484.0,11371.0,15295.0,6450.0,11801.0,13749.5,15698.0,9219.5,19586.0,13248.0,15616.0,15706.0,9499.5,13004.0,15411.0,12247.0,14825.0,6309.0,7771.0,13637.0,9075.0,12221.0,9109.0,8797.0,9108.0,14378.0,13338.0,12641.0,11944.0,16780.0,17896.0,9531.5,13423.0,11540.0,14368.0,8845.5,12805.0,15012.0,6641.0,14149.0,16852.0,16861.0,7434.0,10916.0,
13759.0,11983.0,19253.0,17228.0,10351.0,13540.0,15685.0,11634.0,11975.0,7037.0,15463.0,10832.0,16376.0,16780.0,7625.0,14463.0,10406.0,6623.0,13801.0,12715.0,13937.0,9388.0,13522.0,18771.0,19622.0,11265.5,11916.0,12803.0,
11258.0,16404.0,9065.0,6536.0,16916.0,7072.0,6662.0,14922.0,11265.0,16295.0,19893.0,14102.0,19207.0,7631.0,16465.0,9319.0,16862.0,19689.0,13597.0,17772.0,12570.0,19656.0,8481.0,7880.0,7067.0,7847.5,8628.0,12232.0,15836.0,15912.5,15989.0,9282.0,9512.0,9792.0,14811.0,
14458.0,17299.0,14556.0,17966.0,12801.0,15200.0,7423.0,16934.0,9453.0,15192.0,11367.0,8122.0,7800.0,19446.0,12492.0,11204.0,7609.0,14141.0,13483.0,15035.5,16588.0,18807.0,13780.0,17161.0,8012.0,11857.0,17056.0,12073.0,8409.0,16648.0,11437.0,14714.0,11476.0,16813.0,9597.0,10009.5,10422.0,14761.0,14524.0,8904.0,8810.0,7887.0,
13623.0,8841.0,18443.0,9055.0,15350.0,15969.0,10239.0,19232.0,13328.0,8661.0,9340.0,17509.0,19359.0,15080.0,16182.0,6998.0,6242.0,10489.0,7374.0,14873.0,18914.0,6131.0,8621.0,
17901.0,9171.0,10952.0,16493.0,13931.0,13917.0,7052.0,8515.0,7705.0,16702.0,9580.0,17659.0,15282.0,18307.0,17100.0,8496.0,19798.0,12326.0,11041.0,9756.0,9498.0,15687.0,8804.5,11866.0,8917.0,8310.0,7109.0,8444.5,9780.0,11175.0,12570.0,9576.0,15856.0,16559.0,10940.0,
17947.0,19512.0,8903.0,11049.0,10214.0,7003.0,16496.0,8847.0,10640.0,14184.5,17729.0,8589.0,8831.0,10056.0,19463.0,11399.0,
8202.0,8247.0,17966.0,12701.0,11994.0,17867.0,17980.0,11893.0,17278.0,10750.0,15094.0,17674.0,16934.0,8474.0,14188.0,12078.0,9720.0,13221.5,16723.0,6525.0,10318.0,18438.0,18847.0,19256.0,11021.0,8900.0,8226.0,15348.0,11792.0,8804.0,15929.0,13934.0,10436.0,14951.0,17082.0,18354.0,11278.0,10449.0,14437.0,12999.0,13470.0,14556.0,14374.0,9816.0,15291.0,
8310.0,14585.0,9411.0,7450.0,19431.0,15283.0,15620.0,19986.0,12262.0,16996.0,16535.0,9713.0,7282.0,8327.0,11289.0,18076.0,12615.0,11869.0,7442.0,8078.0,9980.0,6454.0,13118.0,16451.5,19785.0,11903.0,18426.0,12819.0,7813.0,10045.0,14628.0,9564.0,16163.0,17699.0,14158.0,12292.0,
15812.0,17720.0,6715.0,8972.0,11328.0,16894.0,11807.0,6995.0,18562.0,17775.0,7367.0,9881.0,6669.0,15505.0,8695.0,9366.0,8973.0,19170.0,18472.0,9770.0,10712.0,7994.0,7292.0,17526.0,12758.0,9674.0,16554.0,6746.0,17815.0,10534.0,14993.0,14301.0,10942.0,15245.0,6222.0,13517.0,12054.0,16362.0,12412.0,12143.0,19553.0,18443.0,7117.0,17964.0,15329.0,10782.0,12273.0,8272.0,13308.0,15249.0,
17159.0,9254.0,13885.0,14231.0,13546.0,16169.0,16567.0,6430.0,15551.0,14728.0,15168.0,6556.0,14439.0,7485.0,7287.0,15256.0,6731.0,9086.0,7324.0,17430.0,7574.0,6504.0,7174.0,14452.0,16340.0,10098.0,16714.0,9888.0,7236.0,11372.0,19683.0,19373.0,15030.0,10687.0,18284.0,6340.0,6456.0,11467.0,16478.0,11727.0,14253.5,16780.0,18251.0,17328.0,10398.0,9500.0,
19284.0,7866.0,9804.0,16601.0,15519.0,9023.0,19051.0,19541.0,10870.0,9426.0,14035.0,11695.0,9355.0,11938.0,8410.0,14067.0,14435.0,16136.0,19854.0,
13782.0,6615.0,8598.0,18217.0,7671.0,18218.0,16515.0,9144.0,12986.0,8583.0,12544.0,17122.0,19979.0,10433.5,14830.0,11407.0,6494.0,17785.0,12863.0,11958.0,12653.0,8941.0,13456.5,17972.0,19633.0,13063.0,8097.0,8327.0,19796.0,14989.0,15849.0,14871.0,8375.0,8289.0,10580.0,7333.0,8907.0,13683.0,12056.5,10430.0,18263.0,10580.0,15365.0,14418.0,9059.0,17856.0,7209.0,17317.0,11114.0,7124.0,
6560.0,9768.0,10356.0,11157.0,10075.0,11921.0,8732.0,15172.0,15314.0,8820.0,8905.0,7578.0,19910.0,17584.0,12834.0,8084.0,18357.0,6701.0,18578.0,8739.0,15272.0,14012.0,14431.0,8302.0,16673.0,11242.0,7976.0,14594.0,17791.0,9307.0,11331.0,16120.0,14247.0,12374.0,13693.0,11868.0,7623.0,10634.0,13946.0,8748.0,12454.0,
14327.0,16657.0,14137.0,7769.0,11789.0,17615.0,13114.0,11081.0,13664.0,6944.0,14280.0,16358.0,18129.0,15630.0,18370.0,16889.0,8918.0,7391.0,11347.0,9418.0,7489.0,7384.5,7280.0,11324.0,15368.0,6421.0,9545.0,16563.0,8238.0,19390.0,9725.0,9328.0,10212.0,6914.0,19617.0,18323.0,11466.0,7655.0,13300.0,
15247.0,18243.0,9277.0,15906.0,11049.0,15240.0,10120.0,18491.0,13632.0,14360.0,
15800.0,9240.0,19981.0,12244.0,11925.0,10811.0,16456.0,14325.0,15818.0,8372.5,19634.0,18734.0,15701.0,17406.0,15007.0,17545.0,18093.0,17499.0,16905.0,13789.0,8101.0,6299.0,10806.0,6396.0,
12673.0,18080.0,6267.0,6290.0,16739.0,7503.0,10525.0,11381.0,11129.0,10877.0,15242.0,7383.0,16558.0,15579.0,16018.0,16098.0,14952.0,13806.0,13261.0,7854.0,6360.0,13946.0,13931.5,13917.0,14760.0,6265.0,11065.0,14354.0,14817.0,7679.0,8230.0,10004.0,12550.0,8885.0,10518.0,12416.0,15046.5,17677.0,13403.0,11457.0,16102.0,16672.0,
13466.0,10381.0,14107.0,18718.0,19115.0,11123.0,6237.5,17199.0,13522.0,11370.0,11436.0,13242.0,9844.0,18129.0,11381.0,19139.0,7437.0,17160.0,10699.0,17366.0,15815.0,10896.5,19119.0,10995.0,6693.0,8830.0,15603.0,12144.0,11694.0,18088.0,
6738.0,6671.0,19393.0,12547.0,18846.0,13531.0,13932.0,13404.0,17033.0,18959.0,14930.0,13457.0,9765.0,13620.0,17475.0,12302.0,19287.0,11133.0,16051.0,14231.0,15951.0,6312.0,13675.0,16791.0,
16812.0,18030.0,8230.0,16664.0,7365.0,11888.0,16517.0,17664.0,6884.0,17793.0,15179.0,18067.0,19634.0,13793.0,14204.0,9166.0,9642.0,8406.0,8336.0,17069.0,12631.0,18699.0,19668.0,
16191.0,9524.0,9216.0,15112.0,13705.0,11696.0,13827.0,13442.0,18281.0,11440.0,17020.0,13090.0,19786.0,7064.0,16215.0,9568.0,6152.0,9367.0,18949.0,12157.5,17723.0,13585.0,
15599.0,8809.0,8059.0,9903.0,14245.0,16170.0,13408.0,9208.0,13617.5,18027.0,15781.0,8199.0,12503.0,16003.0,16221.0,17960.0,7133.0,11798.0,14350.0,16902.0,8539.0,6761.0,10112.0,12997.0,13460.0,15029.0,17844.0,7872.0,9467.0,10679.0,16491.0,13244.0,11702.0,18884.0,9987.0,19958.0,14676.0,13569.0,12142.0,13138.0,10750.0,13682.0,
13561.0,16657.0,14756.0,18131.0,15019.0,9900.0,7537.0,13485.0,18917.0,8454.0,6767.0,10513.0,17370.0,13682.0,10661.0,14312.0,6106.0,12190.0,15602.0,16680.0,12176.0,15108.0,6748.0,9747.0,15679.0,14358.0,14665.0,9349.0,13778.0,8599.0,18379.0,14524.0,9260.0,12837.0,14425.0,14053.0,11907.0,7151.0,11671.0,10962.0,13330.0,18343.0,
8820.0,17281.0,12991.0,13454.0,10968.0,13722.0,17791.0,8484.0,13043.0,11950.0,15730.0,8575.0,12561.0,7623.0,19508.0,7013.0,13414.0,15202.0,11528.0,17414.0,10445.0,14155.0,10139.0,6123.0,18316.0,6085.0,12768.0,16404.0,11149.0,8845.0,7601.0,9058.0,7851.0,17034.0,9258.0,11380.0,18308.0,16335.0,13172.0,10009.0,12354.0,10760.0,18503.0,13223.0,11765.0,9560.0,11690.0,14988.0,9239.0,10033.0,7590.5,9271.0,13477.0,9118.0,11062.0,11717.0,
11817.0,16511.0,8867.0,11905.0,16728.0,16800.0,9826.0,18943.0,15111.0,9619.0,12560.0,7068.0,9746.0,12424.0,14473.0,19013.0,12929.0,6688.0,18490.0,14389.0,16261.0,12968.0,7186.0,17708.0,16955.0,11689.0,10717.0,17682.0,8308.0,6817.0,14254.0,6958.0,12935.0,14161.0,14427.0,12412.0,13930.0,8402.0,11282.0,7446.0,16742.0,17438.0,12878.0,8813.0,6969.5,12588.0,7860.0,14105.0,12983.0,7880.0,16102.0,
17565.0,9227.0,9803.0,18792.0,11891.0,13239.0,16525.0,19930.0,16000.0,12070.0,16109.0,9615.0,19951.0,15371.0,7471.0,11480.0,16773.0,12387.0,7787.0,9798.0,6385.5,8232.0,11520.0,17652.0,16832.0,12038.0,16913.0,18978.0,10816.5,14776.0,15614.0,11901.0,18036.0,11239.0,6767.0,15547.0,15572.0,19152.0,17486.0,6276.0,9565.0,19667.0,19730.0,16947.0,12957.0,8967.0,7059.0,17601.0,17146.0,
14306.0,12013.0,18660.0,15571.0,7507.0,14131.0,9482.0,19133.0,12637.0,6141.0,7902.0,11312.0,12902.0,17522.0,
14337.0,13708.0,17900.0,18045.0,18659.0,6359.0,7046.0,18574.0,18185.5,17797.0,7073.0,13587.0,16350.0,13620.0,10890.0,17724.0,13178.0,7505.0,7447.5,7390.0,13955.0,16905.0,8617.0,16672.0,
15087.0,10526.0,14299.0,17276.0,10101.0,11970.0,14481.0,6483.0,10410.0,10767.0,15518.0,18173.0,16790.0,15277.0,8456.0,19040.0,
10647.0,13101.0,7623.0,11124.0,16813.0,16807.0,16570.0,14863.0,12918.0,16801.0,9654.5,8551.0,19926.0,19454.0,16055.0,15202.0,14990.0,12064.0,17392.0,9293.0,17430.0,8259.0,14200.0,9107.0,19504.0,9836.0,11482.0,12526.0,8318.5,15010.0,14646.0,6551.0,
11346.0,10729.0,16761.0,8684.0,13221.0,14564.0,19086.0,15065.0,10807.0,10060.0,8407.0,6754.0,12151.0,13545.0,14939.0,13828.0,9078.0,12360.0,18558.0,6932.0,17457.0,10134.0,12753.0,7399.0,15900.0,15920.0,9697.0,7699.0,6120.0,8072.0,12113.0,11612.0,6383.0,
12489.0,19716.0,13183.0,8693.0,17259.0,7815.0,16026.0,12004.5,19716.0,19099.0,13086.5,7074.0,17452.0,12851.0,11025.0,8097.0,13709.5,19322.0,12254.0,18068.0,9499.0,11890.0,6580.0,16592.0,11134.0,18581.0,18388.0,17681.0,15596.0,10291.0,14555.0,12552.0,19787.0,
10658.0,19258.0,18569.0,7120.0,19955.0,14057.0,12413.0,13410.0,14774.0,11826.0,7050.0,12374.0,9806.5,14800.0,12931.0,10990.0,19917.0,9098.0,15905.0,18853.0,8388.0,12090.0,8521.5,13320.0,16153.0,8130.5,8081.0,7114.0,13525.5,19937.0,11516.0,12759.5,14003.0,15807.0,12831.0,15211.0,7878.0,10546.0,8650.0,9309.0,7076.0,7660.0,6727.0,15889.0,8397.0,19766.0,16670.0,12099.0,
16898.0,14752.0,8894.0,11199.0,17769.0,14621.0,16978.0,12837.0,16155.5,19474.0,16240.0,6289.0,10931.0,7196.0,13488.0,9984.0,15015.0,16278.0,7427.0,13510.0,9366.0,17163.0,8540.0,17228.0,16689.0,11408.0,17976.0,15617.0,9889.0,7788.0,11260.0,19970.0,13338.0,
13408.0,14311.0,8332.0,19317.0,12235.0,18789.0,11360.0,6856.0,7932.0,9008.0,7747.0,11090.0,9988.0,14463.0,19145.0,10662.0,9879.0,16821.0,9553.0,12510.0,8037.0,9765.5,19021.0,16670.0,17671.5,18673.0,18108.0,16467.0,7695.0,19729.0,14623.0,18538.0,13350.0,17194.0,9963.0,12654.0,17356.0,12584.0,14968.0,11310.0,
6895.0,7658.0,16224.0,8765.0,7025.0,17071.0,18406.0,17899.0,19067.0,12280.0,12601.0,19162.0,19724.0,16545.0,9093.0,8422.0,19720.0,8438.0,9797.0,9168.0,18645.0,13367.0,10348.0,11190.0,16936.0,13335.0,11960.0,10487.0,14675.0,9643.0,10195.0,11402.5,12610.0,12772.0,12638.0,9720.0,12692.0,8038.0,15442.0,13681.0,14041.0,15708.0,6927.0,
18234.0,19033.0,15909.0,19829.0,13863.0,9993.0,15956.0,17280.0,16824.0,8344.0,13590.0,13929.0,14268.0,13631.0,16438.0,14130.0,9078.0,18549.0,18135.0,8582.0,10169.0,18916.0,10457.0,11572.0,18001.0,11967.0,15267.0,19064.0,12503.0,11655.0,18029.0,19473.0,13995.0,10515.0,10494.0,16794.0,13439.0,8267.0,8659.0,13991.0,
11923.0,19574.0,15416.0,12548.0,19191.0,13209.0,10747.0,17126.0,6221.0,16376.0,8514.0,11518.0,19070.0,8693.0,9407.0,9180.5,8954.0,14854.0,11211.0,19222.0,6118.0,18765.0,8576.0,10393.5,12211.0,8806.0,13105.0,9102.0,7208.0,18990.0,19745.0,11595.0,9143.0,18758.0,6562.0,18735.0,9075.0,18127.0,14347.0,15253.0,15924.0,16563.0,7472.0,16992.0,10429.0,13906.0,8347.0,8318.0,18799.0,13827.0,12173.0,18540.0,15473.0,17269.0,17670.0,
11488.0,10960.0,12596.0,12852.0,11776.0,15554.0,18949.0,18728.0,19600.0,18759.0,13749.0,12971.0,6523.0,10131.5,14665.0,6424.0,17213.0,8349.0,9988.0,8858.0,15659.0,13532.0,19919.0,6760.0,18399.0,15195.0,17013.0,13889.0,9876.0,18821.0,16444.0,19385.0,
8144.0,16443.0,14293.0,11477.0,14236.0,10740.0,14987.0,18399.0,13074.0,17775.0,8903.0,15457.0,7403.0,13885.0,6838.0,7386.0,8439.0,13736.0,19033.0,9767.0,14842.0,17999.0,16203.0,11114.0,6739.0,
14761.0,15054.0,17984.0,11862.0,17428.0,19713.0,10263.0,14135.0,15820.0,17505.0,14414.0,19259.0,18999.0,18791.0,14008.0,13337.0,19945.0,7379.0,12179.0,7964.0,10490.0,16911.0,9727.0,15911.0,18307.0,10961.0,8190.0,15244.0,10331.0,6089.5,8688.5,15529.0,15271.0,15013.0,8085.5,8865.5,16573.0,14046.0,9732.0,6349.0,6457.0,9278.0,15576.0,11613.0,18584.0,16889.0,15037.0,13128.0,10390.0,
10859.0,13188.0,8819.0,19113.0,17910.0,14619.0,16376.0,16387.0,16674.0,6887.0,10175.0,9103.0,14420.0,16155.0,10569.0,9320.0,18238.0,18938.0,17244.0,11820.0,12599.0,10565.5,8532.0,7252.0,6849.0,6446.0,12995.0,19544.0,8303.0,10515.0,6148.5,16290.0,17844.0,12244.0,12419.0,18076.0,17297.0,16518.0,12133.0,14450.0,16767.0,17391.0,12284.0,12629.0,12239.0,12741.0,
6703.0,19439.0,18095.0,8100.0,15516.0,6214.0,15891.0,9062.0,18645.0,13236.0,16565.0,14070.5,11576.0,11497.0,11418.0,13256.0,15094.0,9922.0,6679.0,18330.0,8604.0,9330.0,13576.0,15112.0,15456.0,18318.0,13069.0,19693.0,6650.0,14050.0,12090.5,10131.0,18339.0,16038.0,15551.0,19609.0,6637.0,6185.0,
12167.0,11491.0,19599.0,12501.0,18510.0,7546.0,13060.0,10950.0,10581.0,17186.0,13722.0,8314.5,11901.0,11222.0,19181.0,9625.0,18887.0,18756.0,15919.0,15217.0,11288.0,16690.0,11854.0,18669.0,8585.0,7105.0,10156.0,8178.0,12401.0,8126.0,16766.0,9142.0,6390.0,9544.0,
19438.0,12765.0,11330.0,9781.0,9810.0,9919.0,9315.0,12149.0,15808.0,17510.0,19994.0,9630.0,8773.0,13125.0,6235.5,10006.0,9297.0,10967.0,10361.0,7769.0,8453.0,16056.0,14103.0,16257.0,6250.0,14589.0,9367.0,13846.0,9500.0,13080.0,17759.0,7935.0,8481.0,6684.0,9870.0,10944.0,12416.0,15352.0,12839.0,19349.0,13258.0,17687.0,
16681.0,14529.0,13364.0,9507.0,10813.0,10689.0,16653.0,11568.0,16714.0,13022.0,16869.0,11115.0,16465.0,12689.0,18008.0,15341.0,14130.0,18471.0,10357.0,15421.0,18108.0,13262.0,11130.0,8998.0,10276.0,18398.0,7403.0,8888.0,13670.0,6422.0,9234.0,15187.0,8995.0,14853.0,13720.0,10369.0,
14125.0,15312.0,10579.0,17699.0,19464.0,15994.0,18944.0,18301.0,12964.0,8137.0,6553.0,7378.0,6317.0,11907.0,9048.0,17467.0,7363.0,8661.0,19923.0,14954.0,11748.5,8543.0,13903.0,12422.0,10941.0,7167.0,11997.0,12370.5,19176.0,8103.0,12379.0,16655.0,15398.0,14196.0,15159.5,16123.0,18947.0,12154.0,19841.0,13945.0,11333.0,8163.0,
16433.0,11503.0,11988.0,13408.0,15221.0,9463.0,11780.0,16411.0,15820.0,11453.0,11329.0,18483.0,6717.0,6333.0,15712.0,19362.0,14761.0,18426.0,14819.0,15641.0,17749.0,14757.0,16124.0,14859.0,9134.0,7484.0,
