7621915254
-1280893083
-2030491221
-5086293032
-18711632990
19959149609
-1003422959
-1562453255
-3731707705
-6913444470
-8238153678
5957877589
10686046913
-12101387395
9020518721
-1324232741
-494539264
-15880743625
-3722037353
743366754
8204742936
-1100547042
2907038929
-9000112906
1808541565
-9752553690
-5182032029
-8484722111
7319210414
14236775579
-17350144674
-11273777948
-6434334209
7953435137
7549471415
3248737606
7111217980
23680144652
11637772791
8720373235
-5741099394
15492807635
-8127416275
10133140075
-9096363152
9604382340
-194816539
14136474642
2742041302
5162436040
10770367983
7428178882
-7948993326
-3375196496
10522685082
1869144727
-13239133489
1599466961
6229770683
27241699573
-5017802612
3310720102
1468891167
-5913439484
5345922536
11772867115
2126178763
-9032432548
18269805256
-2557549431
1933924049
609428054
1580573092
3526455841
-422697424
7190106512
11107422442
23569715299
5757296745
10712717009
-4953958842
1519777029
-5453124823
4120264861
-1061468134
3944334335
-19162540619
6672056572
7835977643
1733548654
7393786490
